SI_C01x
162*35
6.5778*2.3941|0|0
-192,-33|829,-32|1850,-32
Border: Passable
1,23,25|0,24,22|1,26,10|1,57,9|1,98,20|1,124,25|1,140,25|



0

1|0|0,6|0,6|0,6|0,6|0|0|0|0|0|0|0|0|0|0|0|0|0|0|0|0|0,6|0,6|0,6|0,6|0,6|0,6|0|0|0|0|0|0|0|1|0|0,6|0,6|0,6|0,6|0|0|0|0|0|0|0|0|0|0|0|0|0|0|0|0|0,6|0,6|0,6|0,6|0,6|0,6|0|0|0|0|0|0|0|1|0|0,6|0,6|0,6|0,6|0|0|0|0|0|0|0|0|0|0|0|0|0|0|0|0|0,6|0,6|0,6|3,6|0,6|0,6|0|0|0|0|0|0|0|1|0|0,6|0,6|0,6|0,6|0|0|0|0|0|0|0|0|0|0|0,1|0,1|0,1|0,1|0,1|0,1|0,1,6|0,1,6|0,1,6|3,1,6|0,1,6|0,1,6|0,1|0,1|0,1|0|0|0|0|1|0|0,6|0,6|0,6|0,6|0|0|0|0|0|0|0|0|0|0|0|0|0|0|0|0|0,6|0,6|0,6|3,6|0,6|0,6|0|0|0|0|0|0|0|1|0|0,6|0,6|0,6|0,6|0|0|0|0|0|0|0|0|0|0|0|0|0|0|0|0|0,6|0,6|0,6|3,6|0,6|0,6|0|0|0|0|0|0|0|1|0|0,6|0,6|0,6|0,6|0|0|0|0|0|0|0|0|0|0|0|0|0|0|0|0|1|1|1|1|1|0,6|0|0|0|0|0|0|0|1|1|0,6|0,6|0,6|0,6|0|0|0|0|0|0|0|0|0|0|0|0|0|0|0|1|1|0,6|1|1|1|0,6|0,6|0,6|0|0|0|0|0|1|0,6|0,6|0,6|0,6|0,6|0|0|0|0|0|0|0|0|0|0|0|0|0|0|0|0|1|0,6|0,6|1|1|0,6|0,6|0,6|0|0|0|0|0|1|0,6|0,6|0,6|0,6|0,6|0|0|0|0|0|0|0|0|0|0|0|0|0|0|0|1|1|0,6|0,6|1|1|0,6|0,6|0,6|0|0|0|0|0|1|0,6|0,6|0,6|0,6|0,6|0|0|0|0|0|0|0|0|0|0|0|0|0|0|0|1|1|0,6|0,6|1|1|0,6|0,6|0,6|0|0|0|0|0|1|0,6|0,6|0,6|0,6|0,6|0|0|0|0|0|0|0|0|0|0|0|0|0|0|1|1|1|0,6|0,6|1|1|0,6|0|0|0|0|0|0|0|1|0|0|0|0|0|0|0|0|0|0|0|0|0|0|0|0|0|0|1|1|1|1|0,6|0,6|1|1|0,6|0|0|0|0|0|0|0|1|0,6|0,6|0,6|0|0|0|0|0|0|0|0|0|0|0|0|0|0|0|1|1|1|1|0,6|0,6|1|1|0,6|0|0|0|0|0|0|0|1|0,6|0,6|0,6|0|0|0|0|0|0|0|0|0|0|0|0|0|0|0|3,6|4,3,6|1,3|1,9,3|0,6|0,6|1|1|1|1|0|0|0|0|0|0|1|0,6|0,6|0,6|0|0|0|0|0|0|0|0|0|0|0|0|0|0|0|1|1|1|1|0,6|0,6|1|1|1|1|0|0|0|0|0|0|1|0,6|0,6|0,6|0|0|0|0|0|0|0|0|0|0|0|0|0|0|0|3,6|4,3,6|1,3|1,5,3|0,6|0,6|1|1|1|1|0|0|0|0|0|0|1|0,6|0,6|0,6|0|0|0|0|0|0|0|1|0|0|0|0|0|0|0|1|1|1|1|0,6|0,6|1|1|1|1|0|0|0|0|0|0|1|0,6|0,6|0,6|0|0|0|0|0|0|0|0|0|0|0|0|0|0|0|0|1|1|1|0,6|0,6|1|1|1|1|0|0|0|0|0|0|1|0,6|0,6|0,6|0|0|0|0|0|0|0|0|0|0|0|0|0|0|0|0|1|1|1|0,6|0,6|1|1|1|1|0|0|0|0|0|0|1|0,6|0,6|0,6|0|0|0|0|0|0|0|0|0|0|0|0|0|0|0|0|0|1|1|0,4,3,6|0,6|1|1|1|1|0|0|0|0|0|0|1|1|1|0,6|0|0|0|0|0|0|0|0|0|0|0|0|0|0|0|0|0|1|1|0,3,6|0,6|1|1|1|1|0|0|0|0|0|0|1|1|1|0,6|0|0|0|0|0|0|0|0|0|0|0|0|0|0|0|0|0|0,6|1|0,3,6|0,6|1|1|1|1|0|0|0|0|0|0|1|1|1|0,6|0|0|0|0|0|0|0|0|0|0|0|0|0|0|0|0|0,6|0,6|1|0,3,6|0,6|1|1|1|1|0|0|0|0|0|0|1|1|1|0,1,6|0,1|0,1|0,1|0,1|0,1|0,1|1|1|1|1|0|0|0|0|0|0|0,6|0,6|1|0,3,6|0,6|1|1|1|1|0|0|0|0|0|0|1|0,6|0,6|0,6|0|0|0|0|0|0|1|1|1|1|0|0|0|0|0|0|0|0,6|1|0,3,6|0,6|1|1|1|1|0|0|0|0|0|0|1|0,6|0,6|0,6|0|0|0|0|0|0|3,6|4,3,6|1,3|1,3|0,3,6|0,3,6|0,3,6|0,3,6|0,3,6|0,3,6|0,3,6|0,3,6|1,3|0,3,6|0,6|1|1|1|1|0|0|0|0|0|0|1|1|0,1,6|0,1,6|0,1|0,1|0,1|0,1|0,1|0,1|1|1|1|1|0,6|0,6|0,6|0,6|0,6|0,6|0,6|1|1|0,6|0,6|1|1|1|1|0|0|0|0|0|0|1|0,6|0,6|0,6|0|0|0|0|0|0|0|0,2|0|0|0|0|0|0|0|0|0,6|0,6|1|0,6|0,6|1|1|1|1|0|0|0|0|0|0|1|0,6|0,6|0,6|0|0|0|0|0|0|0|0,2|0|0|0|0|0|0|0|0|0,6|0,6|1|0,6|0,6|1|1|1|1|0|0|0|0|0|0|1|1|0,6|0,6|0|0|0|0|0|0|0|0,2|0|0|0|0|0|0|0|0|0,6|0,6|1|0,6|0,6|1|1|1|1|0|0|0|0|0|0|1|1|0,6|0,6|0|0|0|0|0|0|0|0,2|0|0|0|0|0|0|0|0|0,6|0,6|1|0,6|0,6|1|1|1|1|0|0|0|0|0|0|1|1|0,6|0,6|0|0|0|0|0|0|0|0,2|0|0|0|0|0|0|0|0|0,6|1|1|0,6|0,6|1|1|1|1|0|0|0|0|0|0|1|1|1|1|1|0|0|0|0|0|0|0,2|0|0|0|0|0|0|0|0,6|1|1|1|0,6|0,6|1|1|1|1|1|1|1|1|1|1|1|1|1|1|1|0|0|0|0|0|0|0,2|0|0|0|0|0|0|0|0,6|3,6|4,3,6|1,12,3|0,6|0,6|1|1|1|1|1|1|1|1|1|1|1|1,3|1,3|1,3|0,3|0,3|0,3|0,3|0,3|0,3|0,3|0,2,3|0|0|0|0|0|0|0|0,6|1|1|1|0,6|0,6|1|1|1|1|1|1|1|1|1|1|1|1,3|1|1|0,6|0,6|0,6|0,6|0,6|0,6|0,6|0,2,3,6|0,6|0,6|0,6|0,6|0,6|0,6|0,6|0,6|3,6|4,3,6|1,3|0,6|0,6|1|1|1|1|1|1|1|1|1|1|1|1,3|4,3,6|0,1,6|0,1,6|0,1,6|0,1,6|0,1,6|0,1,6|0,1,6|0,1,6|1,3|0,1,6|0,1,6|0,6|0,6|0,6|0,1,6|0,1,6|0,1,6|1|1|1,3|0,6|0,6|0,6|4,3,6|1,3|1,5,3|1|1|1|1|1|1|1|1|1|1|0,6|0,6|0,6|0,6|0,6|0,6|0,6|0,2,3,6|0,3,6|0,3,6|0,3,6|0,3,6|0,3,6|0,3,6|0,3,6|0,3,6|1,3|1,3|1,3|0,6|0,6|1|1|1|1|1|1|1|1|1|1|1|1|1|0,6|0,6|0,6|0,6|0,6|0,6|0,6|0,6|0,2,6|0,6|0,6|0,6|0,6|0,6|0,6|0,6|0,6|1|1|1|0,6|0,6|0,6|4,3,6|1,3|1,5,3|1|1|1|1|1|1|1|1|1|0,6|0,6|0,6|0,6|0,6|0,6|0,6|0,6|0,2,6|0,6|0,6|0,6|0,6|0,6|0,6|0,6|0,6|1|1|1|0,6|0,6|1|1|1|1|1|1|1|1|1|1|1|1|0,6|0,6|0,6|0,6|0,6|0,6|0,6|0,6|0,6|0,2,6|0,6|0,6|0,6|0,6|0,6|0,6|0,6|0,6|0,6|1|1|0,6|0,6|1|1|1|1|1|1|1|1|1|1|1|1|0,6|0,6|0,6|0,6|0,6|0,6|0,6|0,6|0,6|0,2,6|0,6|0,6|0,6|0,6|0,6|0,6|0,6|0,6|0,6|0,6|0,6|0,6|1|1|1|1|1|1|1|1|1|1|1|1|1|0,6|0,6|0,6|0,6|0,6|0,6|0,6|0,6|0,6|0,2,6|0,6|0,6|0,6|0,6|0,6|0,6|0,6|0,6|0,6|0,6|0,6|1|1|1|1|1|1|1|1|1|1|1|1|1|1|0,6|0,6|0,6|0,6|0,6|0,6|0,6|0,6|0,6|0,2,6|0,6|0,6|0,6|0,6|0,6|0,6|0,6|0,6|0,6|0,6|0,6|0,6|3,6|4,3,6|1,3|1,9,3|1|1|1|1|1|1|1|1|0,6|0,6|0,6|0,6|0,6|0,6|0,6|0,6|0,6|0,6|0,2,6|0,6|0,6|0,6|0,6|0,6|0,6|0,6|0,6|0,6|0,6|0,6|0,6|1|1|1|1|1|1|1|1|1|1|1|1|0,6|0,6|0,6|0|0|0|0|0|0|0|0,2|0|0|0|0|0|0|0|0,6|0,6|0,6|1|0,6|0,6|1|1|1|1|1|1|1|0,6|0,6|0,6|1|1|0,6|0,6|0|0|0|0|0|0|0|0,2|0|0|0|0|0|0,1|0,1|0,1,6|0,1,6|1|1|0,6|0,6|1|1|1|1|1|1|1|0,6|0,6|0,6|1|0,6|0,6|0,6|0|0|0|0|0|0|0|0,2|0|0|0|0|0|0|0|0,6|0,6|0,6|1|0,6|0,6|1|1|1|1|1|1|1|0,6|0,6|0,6|1|0,6|0,6|0,6|0|0|0|0|0|0|0|0,2|0|0|0|0|0|0|0|0|0,6|0,6|1|0,6|0,6|1|1|1|1|1|1|1|1|1|0|1|0,6|0,6|0,6|0|0|0|0|0|0|0|0,2|0|0|0|0|0|0|0|0|0,6|0,6|1|0,6|0,6|1|1|1|1|1|1|1|1|1|0|1|1|0,6|0,6|0|0|0|0|0|0|0|0,2|0|0|0|0|0|0|0|0|0,6|0,6|1|0,6|0,6|1|1|1|1|1|1|1|1|1|0|1|1|0,6|0,6|0|0|0|0|0|0|0|0,2|0|0|0|0|0|0|0|0|0,6|0,6|1|0,6|0,6|1|1|1|1|1|1|1|1|1|0|1|1|0,6|0,6|0|0|0|0|0|0|0|0,2|0|0|0|0|0|0|0|0|0,6|0,6|1|0,6|0,6|1|1|1|1|0|0|0|0|0|0|1|1|0,6|0,6|0|0|0|0|0|0,6|0,6|0,2,6|0,6|0,6|0,6|0,6|0,6|0,6|0,6|0,6|0,6|0,6|1|0,6|0,6|1|1|1|1|0|0|0|0|0|0|1|1|0,6|0,6|0|0|0|0|0|1|1|1|1|1|0,6|0,6|0,6|0,6|0,6|0,6|0,6|0,6|1|0,6|0,6|1|1|1|1|0|0|0|0|0|0|1|1|0,6|0,6|0|0|0|0|0|1|1|1|1|1|0|0|0|0|0|0|0|0|1|0,6|0,6|1|1|1|1|0|0|0|0|0|0|1|1|0,6|0,6|0|0|0|0|0|1|1|1|1|1|0|0|0|0|0|0|0|0|1|0,6|0,6|1|1|1|1|0|0|0|0|0|0|1|1|0,6|0,6|0|0|0|0|0|1|1|1|1|1|0|0|0|0|0|0|0|0|1|0,6|0,6|1|1|1|1|0|0|0|0|0|0|1|1|0,6|0,6|0|0|0|0|0|1|1|1|1|1|0|0|0|0|0|0|0|0|1|0,6|0,6|1|1|0,6|0|0|0|0|0|0|0|1|1|0,6|0,6|0|0|0|0|0|0|0|0|0|0|0|0|0|0|0|0|0|0|0,2,6|0,6|0,6|0,6|0,2,6|0,6|0|0|0|0|0|0|0|1|1|0,6|0,6|0|0|0|0|0|0|0|0|0|0|0|0|0|0|0|0|0|0|0,6|0,6|0,6|0,6|0,2,6|0,6|0|0|0|0|0|0|0|1|1|0,6|0,6|0|0|0|0|0|0|0|0|0|0|0|0|0|0|0|0|0|0|0,6|0,6|0,6|0,6|0,2,6|0,6|0|0|0|0|0|0|0|1|0,6|0,6|0,6|0|0|0|0|0|0|0|0|0|0|0|0|0|0|0|0|0|0|0,6|0,6|0,6|0,6|0,2,6|0,6|0|0|0|0|0|0|0|1|0,6|0,6|0,6|0|0|0|0|0|0|3|0|0|0|0|0|0|0|0|0|0|0|0,6|0,6|0,6|0,6|0,2,6|0,6|0|0|0|0|0|0|0|1|0,6|0,6|0,6|0|0|0|0|0|0|3|0|0|0|0|0|0|0|0|0|0|0|3,6|0,6|0,6|0,6|0,2,6|0,6|0|0|0|0|0|0|0|1|0,6|0,6|0,6|0|0|0|0|0|0|1|0,6|0|0|0|0|0|0|0|0|0|0|1|0,6|0,6|0,6|0,2,6|0,6|0|0|0|0|0|0|0|1|1|0,6|0,6|0|0|0|0|0|0|3|0|0|0|0|0|0|0|0|0|0|0|1|1|0,6|0,6|0,2,6|0,6|0|0|0|0|0|0|0|1|0,6|0,6|0,6|0|0|0|0|0|0|3|0|0|0|0|0|0|0|0|0|0|0|1|1|0,1,6|0,1,6|0,2,1,6|0,1,6|0,1|0,1|0,1|0,1|0|0|0|1|0|0|0|0|0|0|0|0|0|0|0|0|0|0|0|0|0|0|0|0|0|3,6|0,6|0,6|0,6|0,2,6|0,6|0|0|0|0|0|0|0|1|0|0|0|0|0|0|0|0|0|0|0|0|0|0|0|0|0|0|0|0|0|0,6|0,6|0,6|0,6|0,6|0,6|0|0|0|0|0|0|0|1|0|0|0|0|0|0|0|0|0|0|0|0|0|0|0|0|0|0|0|0|0|0,6|0,6|0,6|0,6|0,6|0,6|0|0|0|0|0|0|0|1|0|0|0|0|0|0|0|0|0|0|0|0|0|0|0|0|0|0|0|0|0|0,6|0,6|0,6|0,6|0,6|0,6|0|0|0|0|0|0|0|1|0|0|0|0|0|0|0|0|0|0|0|0|0|0|0|0|0|0|0|0|0|0,6|0,6|0,6|0,6|0,6|0,6|0|0|0|0|0|0|0|1|0|0|0|0|0|0|0|0|0|0|0|0|0|0|0|0|0|0|0|0|0|3,6|0,6|0,6|0,6|0,6|0,6|0|0|0|0|0|0|0|1|0|0|0|0|0|0|0|0|1|1|1|1|1|0|0|0|0|0|0|0|0,6|1|1|0,6|0,6|0,6|0,6|0|0|0|0|0|0|0|1|0|0|0|0|0|0|0|0|1|1|1|1|1|0|0|0|0|0|0|0|0,6|1|1|1|0,1,6|0,1,6|0,1,6|0,1|0,1|0,1|0,1|0,1|0|0|1|0,6|0,6|0,6|0|0|0|0|0|1|1|1|1|1|0|0|0|0|0|0|0|0,6|1|1|0,6|0,6|0,6|0,6|0|0|0|0|0|0|0|1|0,6|0,6|0,6|0|0|0|0|0|3,6|4,3,6|1,3|1,9,3|1|0|0|0|0|0|0|0|0|3,6|0,6|0,6|0,6|0,6|0,6|0|0|0|0|0|0|0|1|0,6|0,6|0,6|0|0|0|0|0|1|1|1|1|1|0,6|0,6|0,6|0,6|0,6|0,6|0,6|0,6|0,6|0,6|0,6|0,6|0,6|0,6|0|0|0|0|0|0|0|1|0,6|0,6|0,6|0|0|0|0|0|0,6|0,6|0,6|0,6|0,6|0,6|0,6|0,6|0,6|0,6|0,6|0,6|0,6|0,6|0,6|0,6|0,6|0,6|0,6|0|0|0|0|0|0|0|1|0,6|0,6|0,6|0|0|0|0|0|0|0|0|0|0|0|0|0|0|0|0|0,6|0,6|0,6|0,6|0,6|0,6|0,6|0,6|0|0|0|0|0|0|0|1|0,6|0,6|0,6|0|0|0|0|0|0|0|0|0|0|0|0|0|0|0|0|0,6|0,6|0,6|0,6|0,6|0,6|0,6|0,6|0|0|0|0|0|0|0|1|0,6|0,6|0,6|0|0|0|0|0|0|0|0|0|0|0|0|0|0|0|0|0,6|0,6|0,6|0,6|0,6|3,6|0,6|0,6|0|0|0|0|0|0|0|1|0,6|0,6|0,6|0|0|0|0|0|0|3|0|0|0|0|0|0|0|0|0|0,6|0,6|0,2,6|0,6|0,6|3,6|0,6|0,6|0|0|0|0|0|0|0|1|0,6|0,6|0,6|0|0|0|0|0|0|3|0|0|0|0|0|0|0|0|0|0,6|0,6|1|0,6|0,6|1|1|0,6|0|0|0|0|0|0|0|1|0,6|0,6|0,6|0|0|0|0|0|0|1|0,6|0|0|0|0|0|0|0|0|0,6|0,6|1|0,6|0,6|1|1|0,6|0|0|0|0|0|0|0|1|1|0,6|0,6|0|0|0|0|0|0|3|0|0|0|0|0|0|0|0|0|0,6|1|1|0,6|0,6|1|1|0,6|0|0|0|0|0|0|0|1|0,6|0,6|0,6|0|0|0|0|0|0|3|0|0|0|0|0|0|0|0|0|0|0,6|1|0,6|0,6|1|1|0,6|0|0|0|0|0|0|0|1|0,6|0,6|0,6|0|0|0|0|0|0|0|0|0|0|0|0|0|0|0|0|0|0,6|1|0,6|0,6|1|1|1|1|0|0|0|0|0|0|1|1|0,6|0,6|0|0|0|0|0|0|0|0|0|0|0|0|0|0|0|0|0,6|0,6|1|0,6|0,6|1|1|1|1|0|0|0|0|0|0|1|1|0,6|0,6|0|0|0|0|0|0|0|0|0|0|0|0|0|0|0|0|0|0,6|1|0,6|0,6|1|1|1|1|0|0|0|0|0|0|1|1|1|0,6|0|0|0|0|0|0|0|0|0|0|0|0|0|0|0|0|0,6|0,6|1|0,6|0,6|1|1|1|1|0|0|0|0|0|0|1|1|1|0,6|0|0|0|0|0|0|0|0|0|0|0|0|0|0|0|0|0,6|1|1|0,6|0,6|1|1|1|1|1|1|1|1|1|0|1|1|1|1|1|0|0|0|0|0|0|0|0|0|0|0|0|0|0|0|1|1|1|0,6|0,6|1|1|1|1|1|1|1|1|1|0,6|1|1|1|1|1|0|0|0|0|0|0|0|0|0|0|0|0|0|0|0|1|1|1|0,6|0,6|1|1|1|1|1|1|1|1|1|0,6|1|1|1|1|0|0|0|0|0|0|0|0,2|0|0|0|0|0|0|0|0|3|4,3|1,9,3|0,6|0,6|1|1|1|1|1|1|1|1|1|0,6|1,3|1,3|4,3,6|0,1,6|0,1,6|0,1,6|0,1,6|0,1,6|0,1,6|0,1,6|0,1,6|1|0,1,6|0,1,6|0,6|0,6|0,6|0,6|0,6|0,6|1|1|1|0,6|0,6|1|1|1|1|1|1|1|1|1|1|1,3|1|1|1|0,6|0,6|0,6|0,6|0,6|0,6|0,6|0,2,6|0,6|0,6|0,6|0,6|0,6|0,6|0,6|0,6|3,6|4,3,6|1,3|0,6|0,6|1|1|1|1|1|1|1|1|1|1|1,3|1|1|1|0,6|0,6|0,6|0,6|0,6|0,6|0,6|0,2,6|0,6|0,6|0,6|0,6|0,6|0,6|0,6|0,6|1|1|1,3|0,6|0,6|1|1|1|1|1|1|1|1|1|1|1,3|1|1|0,6|0,6|0,6|0,6|0,6|0,6|0,6|0,6|0,2,6|0,6|0,6|0,6|0,6|0,6|0,6|0,6|1|1|1|1,3|0,6|0,6|1|1|1|1|1|1|1|1|1|1|1,3|1|1|0,6|0,6|0,6|0,6|0,6|0,6|0,6|0,6|0,2,6|0,6|0,6|0,6|0,6|0,6|0,6|0,6|0,6|1|1|1,3|0,6|0,6|1|1|1|1|1|1|1|1|1|1|1,3|1,3|0,3,6|0,3,6|0,3,6|0,3,6|0,3,6|0,3,6|0,3,6|0,3,6|0,3,6|0,2,3,6|0,3,6|0,3,6|0,3,6|0,3,6|0,3,6|0,3,6|0,3,6|0,3,6|0,3,6|1,3|1,3|0,6|0,6|1|1|1|1|1|1|1|1|1|1|1|1|0,6|0,6|0,6|0,6|0,6|0,6|0,6|0,6|0,6|0,2,6|0,6|0,6|0,6|0,6|0,6|0,6|0,6|0,6|0,6|1|1|0,6|0,6|1|1|1|1|1|1|1|1|1|1|1|1|0,6|0,6|0,6|0,6|0,6|0,6|0,6|0,6|0,6|0,2,6|0,6|0,6|0,6|0,6|0,6|0,6|0,6|0,6|0,6|0,6|1|0,6|0,6|1|1|1|1|1|1|1|1|1|1|1|0,6|0,6|0,6|0,6|0,6|0,6|0,6|0,6|0,6|0,6|0,2,6|0,6|0,6|0,6|0,6|0,6|0,6|0,6|0,6|0,6|0,6|1|0,6|0,6|1|1|1|1|1|1|1|1|1|1|1|0,6|0,6|0,6|0,6|0,6|0,6|0,6|0,6|0,6|0,6|0,2,6|0,6|0,6|0,6|0,6|0,6|0,6|0,6|0,6|0,6|0,6|1|0,6|0,6|1|1|1|1|1|1|1|1|1|1|1|1|0,6|0,6|0|0|0|0|0|0|0|0,2|0|0|0|0,1|0,1|0,1|0,1|0,1|0,1,6|1|1|0,6|0,6|1|1|1|1|1|1|1|1|1|0,6|1|0,6|0,6|0,6|0|0|0|0|0|0|0|0,2|0|0|0|0|0|0|0|0|0,6|0,6|1|0,6|0,6|1|1|1|1|1|1|1|1|1|1|1|0,6|0,6|0,6|0|0|0|0|0|0|0|0,2|0|0|0|0|0|0|0|0|0,6|0,6|1|0,6|0,6|1|1|1|1|1|1|1|1|1|1|1|0,6|0,6|0,6|0|0|0|0|0|0|0|0,2|0|0|0|0|0|0|0|0|0,6|0,6|1|0,6|0,6|1|1|1|1|1|1|1|1|1|1|1|0,6|0,6|0,6|0|0|0|0|0|0|0|0,2|0|0|0|0|0|0|0|0|0,6|0,6|1|0,6|0,6|1|1|1|0|1|1|1|1|1|1|1|0,6|0,6|0,6|0|0|0|0|0|0|0|0,2|0|0|0|0|0|0|0|0|0,6|0,6|0,6|0,6|0,6|3,6|0,6|0,6|0|1|1|1|1|1|1|1|1|0,6|0,6|0|0|0|0|0|0|0|0,2|0|0|0|0|0|0|0|0|0,6|0,6|0,6|0,6|0,6|3,6|0,6|0,6|0|1|1|0|0|0|0|1|1|0,6|0,6|0|0|0|0|0|0,6|0,6|0,2,6|0,6|0,6|0,6|0,6|0,6|0,6|0,6|0,6|0,6|0,6|0,6|0,6|0,6|3,6|0,6|0,6|0|1|1|0|0|0|0|1|1|1|0,1,6|0|0|0|0|0|1|1|1|1|1|0,6|0,6|0,6|0,6|0,6|0,6|0,6|0,6|0,6|0,6|0,6|0,6|0,6|0,6|0|1|1|0|0|0|0|1|1|1|0,1,6|0|0|0|0|0|1|1|1|1|1|0|0|0|0|0|0|0|0|0,6|0,6|0,6|0,6|0,6|0,6|1|1|1|0|0|0|0|1|1|0,6|0,6|0|0|0|0|0|1|1|1|1|1|0|0|0|0|0|0|0|0|0,6|0,6|0,6|0,6|0,6|0,6|1|1|1|0|0|0|0|1|1|0,6|0,6|0|0|0|0|0|3,6|4,3,6|1,3|1,9,3|1|0|0|0|0|0|0|0,1|0,1|0,1,6|0,1,6|0,1,6|0,1,6|0,1,6|1|1|1|1|0|0|0|0|1|1|0,6|0,6|0|0|0|0|0|1|1|1|1|1|0|0|0|0|0|0|0|0|0,6|0,6|0,6|0,6|0,6|0,6|1|1|1|0|0|0|0|1|1|0,6|0,6|0|0|0|0|0|0|0|0,2|0|0|0|0|0|0|0|0|0|0|0,6|0,6|0,6|0,6|0,6|0,6|1|1|1|0|0|0|0|1|1|0,6|0,6|0|0|0|0|0|0|0|0|0|0|0|0|0|0|0|0|0|0|1|0,6|0,6|1|1|0,6|0|1|1|0|0|0|0|1|1|0,6|0,6|0|0|0|0|0|0|0|0|0|0|0|0|0|0|0|0|0|0|1|0,6|0,6|1|1|0,6|0|1|1|0|0|0|0|1|1|0,6|0,6|0|0|0|0|0|0|0|0|0|0|0|0|0|0|0|0|0|0|1|0,6|0,6|1|1|0,6|0|1|1|0|0|0|0|1|0,6|0,6|0,6|0|0|0|0|0|0|3|0|0|0|0|0|0|0|0|0|0|1|1|0,6|0,6|1|1|0,6|0|1|1|0|0|0|0|1|0,6|0,6|0,6|0|0|0|0|0|0|3|0|0|0|0|0|0|0|0|0|1|1|1|0,6|0,6|1|1|0,6|0|1|1|0|0|0|0|1|0,6|0,6|0,6|0|0|0|0|0|0|1|0,6|0|0|0|0|0|0|0|1|1|1|1|0,6|0,6|1|1|0,6|0|1|1|0|0|0|0|1|1|0,6|0,6|0|0|0|0|0|0|3|0|0|0|0|0|0|0|0|1|1|1|1|0,6|0,6|1|1|1|1|1|1|0|0|0|0|1|0,6|0,6|0,6|0|0|0|0|0|0|3|0|0|0|0|0|0|0|0|3,6|4,3,6|1,9,3|1|0,6|0,6|1|1|1|1|1|1|0|0|0|0|1|0,6|0,6|0,6|0|0|0|0|0|0|0|0|0|0|0|0|0|0|0|1|1|1|1|0,6|0,6|1|1|0,6|0|0|0|0|0|0|0|1|0|0|0|0|0|0|0|0|0|0|0|0|0|0|0|0|0|0|3,6|4,3,6|1,3|1,3|0,3,6|0,3,6|1|1|0,6|0|0|0|0|0|0|0|1|0|0|0|0|0|0|0|0|0|0|0|0|0|0|0|0|0|0|1|1|1|1|0,6|0,3,6|1|1|0,6|0|0|0|0|0|0|0|1|1|1|1|1|0|0|0|0|0|0|0|0|0|0|0|0|0|0|0|1|1|1|0,6|0,3,6|1|1|0,6|0|0|0|0|0|0|0|1|1|1|1|1|0|0|0|0|0|0|0|0|0|0|0|0|0|0|0|0|1|1|0,6|0,3,6|1|1|0,6|0|0|0|0|0|0|0|1|1|1|1|1|1|1|0|0|0|0|0|0|0|0|0|0|0|0|0|0|0,6|1|0,6|0,3,6|1|1|0,6|0|0|0|0|0|0|0|1,4,3|1,3|1,3|1,3|1,3|4,3,1|0,1|0,1|0,1|0,1|0,1|0,1|0,1|0,1|0,1|0,1|0,1|0,1|0,1|0,1|0,1|0,1,6|1|0,6|0,3,6|1|1|0,6|0|0|0|0|0|0|0|1|1|1|1|1|1|1|0|0|0|0|0|0|0|0|0|0|0|0|0|0|0|1|0,6|0,3,6|1|1|0,6|0|0|0|0|0|0|0|1,9,3|1,3|1,3|1,3|1,3|4,3,1|0,1|0,1|0,1|0,1|0,1|1|0,1|0|0|0|0|0|0|0|0|0|1|0,6|0,3,6|1|1|0,6|0|0|0|0|0|0|0|1|1|1|1|1|1|1|0|0|0|0|0|0|0|0|0|0|0|0|0|0|1|1|0,6|0,3,6|1|1|0,6|0|0|0|0|0|0|0|1|1|1|0|0|1|0|0|0|0|0|0|0|0|0|0|0|0|0|0|0|1|1|0,6|0,3,6|1|1|0,6|0|0|0|0|0|0|0|1|1|1|1|1|1|0|0|0|0|0|0|0|0|0|0|0|0|0|0|0,6|1|1|0,6|0,3,6|1|1|0,6|0,6|0,6|0,6|0|0|0|0|1|0,6|0,6|0,6|0|0|0|0|0|0|0|0|0|0|0|0|0|0|0|0|0,6|0,6|1|0,6|0,3,6|1|1|0,6|0,6|0,6|0,6|0|0|0|0|1|0,6|0,6|0,6|0|0|0|0|0|0|0|0|0|0|0|0|0|0|0|0|0,6|0,6|1|0,6|0,3,6|1|0,6|0,6|0,6|0,6|0,6|0|0|0|0|1|0,6|0,6|0,6|0|0|0|0|0|0|0|0|0|0|0|0|0|0|0|0|0,6|0,6|0,2,6|0,6|0,3,6|1|0,6|0,6|0,6|0,6|0,6|0|0|0|0|1|0,6|0,6|0,6|0|0|0|0|0|0|0|0|0|0|0|0|0|0|0|0|0,6|0,6|0,2,6|0,6|0,3,6|0,2,6|0,6|0,6|0,6|0,6|0,6|0|0|0|0|1|0,6|0,6|0,6|0|0|0|0|0|0|0|0|0|0|0|0|0|0|0|0|0,6|0,6|1|0,6|0,3,6|0,2,6|0,6|0,6|0,6|0,6|0,6|0|0|0|0|1|0,6|0,6|0,6|0|0|0|0|0|0|0|0|0|0|0|0|0|0|0|0|0,6|0,6|1|0,6|0,4,3,6|0,2,6|0,6|0,6|0,6|0,6|0,6|0|0|0|0|1|1|0,6|0,6|0|0|0|0|0|0|0|0|0|0|0|0|0|0|0|0|0,6|0,6|1|0,6|0,6|0,6|0,6|0,6|0,6|0,6|0,6|0|0|0|0|1|0,6|0,6|0,6|0|0|0|0|0|0|0|0|0|0|0|0|0|0|0|0|0,6|0,6|0,2,6|0,6|0,6|0,6|0,6|0,6|0,6|0,6|0,6|0|0|0|0|1|0,6|0,6|0,6|0|0|0|0|0|0|0|0|0|0|0|0|0|0|0|0|0,6|0,6|0,2,6|0,6|0,6|0,6|0,6|0,6|0,6|0,6|0,6|0|0|0|0|0,2,6|0,6|0,6|0,6|0|0|0|0|0|0|0|0|0|0|0|0|0|0|0|0|0,6|0,6|0,6|0,6|0,6|0,6|0,6|0,6|0,6|0,6|0,6|0|0|0|0|0,2,6|0,6|0,6|0,6|0|0|0|0|0|0|0|0,6|0,6|0,6|0,6|0,6|0,6|0,6|0,6|0,6|0,6|0,6|0,6|0,6|0,6|0,6|0,6|0,6|0,6|0,6|0,6|0|0|0|0|0,2,6|0,6|0,6|0,6|0|0|0|0|0|0|0|0,6|0,6|0,6|0,6|0,6|0,6|0,6|0,6|0,6|0,6|0,6|0,6|0,6|0,6|0,6|0,6|0,6|0,6|0,6|0,6|0|0|0|0|0,6|0,6|0,6|0,6|0|0|0|0|0|0|0|0,6|0,6|0,6|0|0|0|0|0|0|0|0|0,6|0,6|0,6|0,6|0,6|0,6|0,6|0,6|0,6|0|0|0|0|0,6|0,6|0,6|0,6|0|0|0|0|0|0|0|0,6|0,6|0,6|0|0|0|0|0|0|0|0|0,6|0,6|0,6|0,6|0,6|0,6|0,6|0,6|0,6|0|0|0|0|0,6|0,6|0,6|0,6|0|0|0|0|0|0|0|0,6|0,6|0,6|0|0|0|0|0|0|0|0|0,6|0,6|0,6|0,6|0,6|0,6|0,6|0,6|0,6|0|0|0|0|1|0,6|0,6|0,6|0|0|0|0|0|0|0|0|0|0|0|0|0|0|0|0|0|0|0,6|0,6|0,6|0,6|0,6|0,6|0,6|0,6|0,6|0|0|0|0|1|0,6|0,6|0,6|0|0|0|0|0|0|0|0|0|0|0|0|0|0|0|0|0|0|0,6|0,6|0,6|0,6|0,6|0,6|0,6|0,6|0,6|0|0|0|0|1|1|1|1|1|0|0|0|0|0|0|0|0|0|0|0|0|0|0|0|0|0|0,6|0,6|0,6|0,6|0,6|0,6|0,6|0,6|0,6|0|0|0|0|1|1|1|1|1|0,6|0,6|0,6|0,6|0,6|0,6|0,6|0,6|0,6|0,6|0,6|0,6|0,6|0,6|0,6|0,6|0,6|0,6|0,6|0,6|0,6|0,6|0,6|0,6|0,6|0,6|0,6|0,6|0,6|0,6|1|1|1|1|1|0,6|0,6|0,6|0,6|0,6|0,6|0,6|0,6|0,6|0,6|0,6|0,6|0,6|0,6|0,6|0,6|0,6|0,6|0,6|0,6|0,6|0,6|0,6|0,6|0,6|0,6|0,6|0,6|0,6|0,6|1|1|1|1|1|0,6|0,6|0,6|0,6|0,6|0,6|0,6|0,6|0,6|0,6|0,6|0,6|0,6|0,6|0,6|0,6|0,6|0,6|0,6|0,6|0,6|0,6|0,6|0,6|0,6|0,6|0,6|0,6|0,6|0,6|
camera angles:0,0;0,0;0,0;0,0|0,0;0,0;0,0;0,0|0,0;0,0;0,0;0,0
